67 33
74 33
75 33
92 33
98 33
95 30
114 33
113 33
114 20
113 20
116 19
128 19
125 12
113 12
108 12
109 12
109 11
108 11
88 19
77 19
74 19
75 19
76 19
70 11
77 11
77 4
76 10
76 11
77 10
74 32
75 32
75 31
74 31
74 30
75 30
75 29
74 29
74 28
75 28
75 27
74 27
74 26
75 26
75 25
74 25
74 24
75 24
75 23
74 23
74 22
75 22
75 21
74 21
74 20
75 20
89 19
90 19
91 19
92 19
93 19
94 19
95 19
96 19
97 19
98 19
99 19
100 19
101 19
102 19
103 19
104 19
105 19
106 19
107 19
108 19
109 19
110 19
111 19
112 19
113 19
114 19
115 19
114 26
113 26
113 27
114 27
114 28
113 28
113 29
114 29
114 30
113 30
113 31
114 31
114 32
113 32
98 32
98 31
98 30
97 30
96 30
95 30
94 30
93 30
92 30
92 31
92 32
95 29
95 28
95 27
95 26
95 25
95 24
95 23
95 22
95 21
95 20
129 19
130 19
131 19
132 19
133 19
134 19
135 19
136 19
137 19
138 19
139 19
140 19
141 19
142 19
143 19
144 19
145 19
146 19
147 19
148 19
149 19
112 12
111 12
110 12
126 12
127 12
128 12
129 12
130 12
131 12
132 12
133 12
134 12
135 12
136 12
137 12
138 12
139 12
140 12
141 12
142 12
143 12
144 12
145 12
146 12
147 12
148 12
149 12
109 10
108 10
108 9
109 9
109 8
108 8
108 7
109 7
109 6
108 6
108 5
109 5
109 4
108 4
108 3
109 3
109 2
108 2
108 1
109 1
71 11
72 11
73 11
74 11
75 11
76 9
77 9
77 8
76 8
76 7
77 7
77 6
76 6
76 5
77 5
76 4
75 4
74 4
73 4
72 4
71 4
70 4
-93 -31
-94 -31
-95 -31
-96 -31
-97 -31
-93 -32
-94 -32
-95 -32
-96 -32
-97 -32
-93 -33
-94 -33
-95 -33
-96 -33
-97 -33
1149 1013
1149 1014
1149 1015
1149 1016
1149 1017
1149 1018
1073 1033
1072 1033
1071 1033
1070 1033
1069 1033
1068 1033